gridtype = lonlat
gridsize = 47524
xsize = 218
ysize = 218
xfirst = 20.000000
yfirst = 59.000000
xinc = 0.055
yinc = 0.055
xunits = "degrees"
yunits = "degrees"
